 96
 56
 58
 59
 56
 18
 70
 22
 49
 89
 32
 4
 76
 44
 57
 18
 33
 38
 39
 7
 30
 65
 86
 23
 91
 67
 70
 76
 46
 60
 16
 63
 95
 83
 21
 20
 49
 14
 28
 46
 92
 95
 24
 73
 50
 31
 40
 61
 22
 9
 93
 24
 16
 31
 51
 67
 87
 30
 18
 71
 85
 26
 93
 9
 62
 91
 52
 48
 69
 51
 45
 65
 60
 73
 93
 100
 15
 2
 38
 66
 54
 90
 24
 60
 54
 85
 77
 98
 42
 19
 81
 33
 48
 86
 6
 43
 25
 87
 90
 4
 20
 61
 92
 51
 47
 18
 72
 73
 54
 15
 78
 90
 9
 86
 60
 94
 9
 64
 79
 27
 70
 74
 37
 28
 18
 32
 80
 68
 78
 46
 75
 99
 73
 7
 84
 83
 60
 35
 17
 16
 52
 48
 87
 68
 87
 21
 30
 98
 63
 11
 35
 85
 63
 67
 50
 2
 17
 32
 25
 2
 26
 92
 22
 70
 100
 17
 3
 71
 39
 18
 42
 41
 35
 88
 82
 32
 5
 94
 12
 35
 14
 24
 50
 2
 5
 20
 14
 25
 31
 71
 61
 46
 81
 43
 16
 34
 94
 37
 8
 69
 76
 12
 62
 53
 85
 50
 77
 100
 9
 20
 23
 23
 48
 19
 88
 39
 4
 64
 41
 30
 76
 39
 14
 73
 46
 47
 61
 65
 25
 36
 46
 8
 4
 74
 45
 33
 54
 53
 91
 19
 34
 94
 99
 34
 6
 64
 2
 53
 19
 48
 88
 45
 85
 55
 44
 97
 72
 62
 3
 58
 15
 22
 30
 50
 67
 92
 21
 53
 14
 95
 79
 36
 93
 93
 14
 50
 87
 44
 30
 13
 65
 60
 16
 88
 90
 66
 63
 56
 18
 91
 91
 71
 78
 99
 2
 54
 6
 59
 51
 16
 47
 66
 16
 100
 96
 89
 82
 49
 74
 76
 90
 5
 86
 64
 12
 71
 41
 32
 64
 21
 37
 92
 90
 21
 96
 32
 97
 89
 2
 57
 14
 3
 60
 67
 60
 32
 74
 87
 93
 13
 61
 55
 50
 54
 73
 61
 79
 97
 6
 94
 10
 38
 33
 82
 34
 19
 48
 68
 22
 81
 84
 46
 92
 64
 96
 62
 77
 7
 30
 41
 8
 54
 67
 2
 4
 58
 49
 92
 65
 4
 96
 12
 32
 35
 19
 91
 98
 6
 92
 99
 26
 42
 74
 20
 71
 70
 14
 86
 70
 45
 16
 41
 36
 66
 97
 93
 96
 26
 36
 16
 51
 64
 69
 6
 30
 21
 2
 22
 11
 92
 46
 100
 45
 92
 20
 93
 75
 28
 38
 25
 13
 54
 5
 19
 91
 14
 37
 65
 39
 40
 35
 53
 86
 23
 75
 79
 19
 86
 84
 31
 35
 44
 98
 85
 66
 21
 7
 53
 11
 81
 39
 38
 70
 95
 42
 95
 95
 37
 37
 12
 49
 78
 96
 56
 1
 41
 90
 4
 38
 8
 52
 22
 27
 69
 94
 59
 25
 61
 89
 100
 63
 55
 97
 48
 100
 17
 78
 70
 89
 72
 21
 76
 56
 71
 23
 25
 3
 99
 27
 31
 42
 25
 61
 12
 10
 19
 73
 86
 8
 24
 79
 85
 86
 67
 35
 48
 60
 38
 63
 60
 36
 16
 68
 37
 100
 20
 10
 100
 31
 69
 81
 13
 23
 12
 35
 43
 60
 85
 64
 56
 21
 75
 57
 98
 80
 86
 5
 55
 34
 33
 61
 12
 75
 98
 72
 82
 67
 81
 10
 75
 49
 18
 83
 90
 42
 86
 49
 37
 92
 4
 41
 42
 90
 60
 28
 44
 62
 43
 50
 85
 95
 38
 74
 8
 42
 6
 27
 86
 8
 73
 17
 86
 69
 30
 80
 75
 43
 31
 59
 20
 23
 50
 80
 57
 42
 56
 6
 58
 25
 48
 58
 83
 11
 76
 67
 48
 96
 84
 43
 30
 18
 77
 6
 25
 69
 32
 61
 53
 69
 15
 36
 9
 8
 89
 69
 78
 64
 19
 7
 48
 74
 81
 86
 53
 81
 47
 100
 14
 13
 55
 9
 17
 11
 51
 5
 12
 73
 52
 24
 53
 18
 49
 82
 93
 18
 26
 90
 23
 49
 18
 10
 59
 4
 17
 13
 45
 42
 78
 90
 20
 97
 63
 34
 50
 16
 59
 10
 28
 89
 48
 6
 70
 31
 81
 47
 83
 44
 66
 73
 26
 25
 97
 42
 88
 12
 10
 50
 10
 15
 64
 15
 84
 25
 50
 57
 70
 59
 55
 100
 88
 95
 74
 41
 57
 11
 89
 57
 57
 95
 11
 88
 96
 10
 83
 74
 52
 65
 87
 16
 43
 87
 82
 17
 52
 77
 50
 42
 57
 59
 1
 48
 63
 93
 8
 78
 77
 13
 12
 39
 44
 28
 41
 72
 96
 100
 83
 15
 9
 87
 65
 81
 78
 83
 83
 67
 4
 53
 79
 20
 76
 67
 52
 76
 41
 98
 77
 93
 31
 65
 38
 45
 84
 13
 96
 68
 68
 78
 44
 1
 13
 87
 21
 87
 51
 60
 69
 87
 13
 77
 6
 48
 51
 96
 89
 73
 12
 83
 15
 31
 41
 46
 24
 53
 58
 34
 59
 86
 8
 75
 28
 54
 19
 85
 59
 85
 93
 75
 72
 20
 41
 38
 69
 23
 14
 60
 20
 88
 42
 53
 75
 42
 12
 4
 90
 1
 33
 53
 67
 8
 99
 24
 3
 71
 99
 69
 51
 65
 95
 49
 94
 81
 57
 91
 83
 84
 89
 12
 31
 54
 33
 23
 69
 9
 79
 64
 46
 87
 95
 7
 44
 37
 55
 68
 66
 46
 93
 18
 74
 96
 71
 80
 99
 78
 84
 43
 79
 30
 61
 96
 19
 47
 7
 98
 76
 31
 73
 59
 73
 7
 1
 89
 17
 2
 2
 39
 90
 52
 51
 8
 49
 58
 35
 33
 15
 5
 37
 6
 97
 51
 4
 3
 20
 99
 8
 77
 94
 23
 85
 32
 87
 73
 57
 73
 66
 47
 3
 69
 79
 25
 77
 15
 54
 5
 87
 40
 28
 96
 48
 80
 87
 23
 52
 97
 96
 93
 89
 76
 87
 23
 26
 58
 90
 25
 81
 88
 7
 92
 43
 99
 61
 59
 74
 33
 53
 48
 72
 17
 40
 61
 53
 6
 93
 65
 65
 31
 58
 95
 34
 53
 85
 71
 44
 3
 20
 57
 8
 25
 79
 84
 23
 53
 21
 88
 60
 18
 56
 97
 70
 44
 19
 47
 79
 8
 83
 38
 45
 15
 26
 44
 87
 2
 85
 98
 75
 17
 54
 49
 100
 26
 15
 32
 29
 83
 24
 42
 47
 15
 52
 12
 66
 78
 82
 16
 58
 8
 38
 25
 31
 76
 89
 96
 4
 100
 81
 71
 66
 24
 95
 62
 24
 67
 2
 56
 68
 65
 89
 39
 70
 38
 71
 30
 41
 71
 74
 21
 4
 96
 39
 63
 52
 67
 37
 53
 29
 81
 35
 99
 87
 72
 31
 28
 22
 27
 49
 98
 22
 69
 67
 18
 77
 28
 82
 43
 2
 72
 63
 65
 60
 26
 89
 93
 12
 47
 97
 37
 89
 55
 83
 37
 47
 34
 22
 10
 99
 47
 29
 43
 20
 50
 24
 65
 86
 17
 75
 83
 77
 58
 94
 82
 83
 79
 21
 39
 100
 53
 61
 95
 75
 20
 34
 70
 96
 68
 63
 18
 28
 36
 22
 53
 78
 12
 48
 16
 56
 71
 62
 28
 63
 69
 77
 93
 22
 4
 45
 33
 67
 34
 55
 60
 82
 17
 92
 9
 74
 74
 57
 54
 26
 34
 60
 95
 27
 86
 68
 74
 31
 7
 66
 9
 15
 13
 97
 14
 57
 100
 26
 16
 58
 36
 82
 81
 3
 20
 95
 96
 95
 57
 44
 16
 57
 75
 29
 71
 3
 41
 57
 48
 70
 14
 50
 86
 24
 6
 58
 70
 92
 66
 60
 48
 39
 79
 17
 22
 41
 75
 47
 84
 84
 47
 41
 43
 55
 79
 1
 44
 15
 32
 36
 71
 73
 68
 53
 21
 6
 8
 99
 81
 75
 43
 33
 49
 66
 44
 66
 89
 79
 90
 4
 51
 67
 74
 13
 34
 15
 97
 15
 41
 46
 66
 53
 10
 85
 31
 91
 34
 61
 51
 86
 5
 9
 73
 31
 48
 5
 54
 80
 70
 97
 42
 89
 17
 19
 50
 14
 24
 90
 42
 100
 98
 88
 76
 21
 30
 33
 61
 6
 52
 3
 78
 100
 45
 12
 62
 32
 43
 48
 50
 89
 82
 66
 69
 50
 3
 75
 45
 6
 30
 63
 20
 93
 63
 79
 53
 50
 78
 71
 51
 28
 38
 92
 74
 100
 1
 96
 69
 89
 67
 80
 100
 38
 17
 95
 11
 21
 58
 61
 60
 31
 21
 26
 71
 49
 14
 62
 75
 19
 52
 83
 95
 30
 33
 15
 99
 5
 42
 94
 66
 92
 85
 86
 29
 71
 35
 66
 11
 38
 60
 88
 97
 44
 28
 87
 81
 7
 90
 74
 92
 8
 60
 9
 76
 21
 51
 41
 24
 25
 84
 54
 98
 6
 79
 46
 20
 5
 98
 30
 54
 47
 82
 3
 94
 40
 4
 67
 99
 91
 71
 97
 86
 99
 80
 3
 90
 51
 52
 95
 15
 13
 100
 46
 51
 8
 100
 43
 37
 89
 33
 50
 23
 79
 79
 2
 69
 38
 27
 17
 52
 87
 81
 70
 56
 90
 54
 52
 32
 93
 8
 61
 85
 10
 21
 5
 44
 27
 63
 94
 82
 43
 14
 26
 50
 88
 88
 47
 19
 92
 40
 45
 56
 1
 53
 1
 18
 76
 14
 63
 64
 40
 54
 81
 23
 87
 38
 73
 30
 60
 17
 39
 61
 86
 11
 59
 4
 84
 65
 91
 56
 56
 9
 90
 50
 12
 97
 73
 6
 39
 10
 41
 7
 61
 20
 36
 31
 57
 65
 90
 3
 7
 41
 47
 2
 25
 46
 91
 7
 18
 8
 28
 63
 88
 81
 15
 23
 92
 40
 98
 77
 36
 79
 76
 84
 80
 15
 60
 75
 53
 100
 8
 42
 19
 7
 84
 3
 59
 86
 17
 95
 35
 39
 100
 13
 17
 64
 18
 25
 68
 61
 18
 27
 38
 1
 54
 25
 33
 97
 42
 95
 68
 37
 11
 67
 49
 99
 86
 97
 29
 91
 99
 46
 29
 43
 76
 7
 56
 71
 65
 21
 22
 1
 78
 74
 48
 67
 28
 32
 9
 19
 95
 100
 48
 54
 13
 82
 50
 100
 74
 22
 79
 4
 67
 11
 89
 44
 15
 65
 18
 61
 33
 92
 13
 6
 25
 59
 8
 7
 51
 68
 68
 96
 73
 58
 36
 79
 13
 43
 26
 100
 76
 88
 27
 33
 94
 82
 21
 31
 41
 68
 43
 59
 21
 38
 7
 4
 1
 39
 45
 37
 15
 9
 21
 79
 33
 15
 27
 14
 98
 78
 69
 5
 30
 35
 92
 63
 2
 14
 8
 11
 2
 53
 82
 35
 80
 85
 16
 6
 23
 60
 21
 65
 81
 13
 13
 90
 66
 23
 59
 1
 46
 94
 41
 69
 1
 71
 78
 76
 97
 40
 66
 35
 75
 20
 99
 37
 35
 54
 53
 58
 74
 8
 36
 94
 21
 62
 32
 27
 62
 57
 16
 16
 5
 90
 80
 4
 34
 62
 72
 61
 47
 42
 31
 48
 91
 59
 84
 48
 88
 80
 39
 2
 37
 93
 66
 77
 24
 56
 59
 22
 47
 8
 32
 20
 98
 87
 95
 41
 52
 29
 29
 31
 28
 76
 33
 30
 79
 96
 69
 83
 72
 77
 36
 77
 46
 75
 37
 33
 42
 49
 73
 82
 82
 94
 86
 32
 79
 6
 54
 97
 19
 3
 69
 92
 37
 21
 70
 35
 60
 100
 97
 27
 23
 6
 98
 18
 19
 29
 92
 43
 64
 53
 51
 67
 28
 76
 54
 97
 81
 78
 31
 66
 30
 46
 96
 56
 94
 79
 32
 49
 24
 94
 67
 81
 79
 4
 61
 66
 57
 63
 60
 33
 55
 100
 47
 84
 63
 56
 93
 79
 20
 69
 55
 27
 29
 42
 47
 54
 63
 21
 60
 56
 90
 65
 28
 70
 5
 87
 93
 45
 79
 8
 75
 23
 63
 12
 19
 66
 49
 40
 88
 38
 84
 78
 55
 71
 77
 54
 48
 71
 71
 4
 5
 16
 81
 30
 95
 45
 7
 85
 85
 58
 79
 89
 20
 80
 35
 22
 17
 82
 1
 10
 10 