 53
 100
 59
 82
 5
 87
 6
 3
 7
 94
 76
 34
 28
 65
 59
 50
 57
 32
 31
 12
 47
 82
 95
 10
 58
 77
 46
 42
 20
 34
 5
 53
 39
 3
 7
 32
 25
 46
 53
 62
 79
 33
 77
 52
 38
 74
 24
 5
 51
 86
 5
 55
 51
 70
 67
 100
 68
 99
 76
 26
 66
 39
 74
 17
 63
 9
 67
 42
 89
 5
 77
 30
 36
 79
 76
 40
 87
 63
 87
 18
 37
 77
 66
 8
 22
 98
 77
 27
 21
 48
 30
 37
 3
 9
 72
 73
 35
 92
 90
 99
 74
 43
 90
 27
 33
 8
 58
 87
 53
 9
 79
 48
 22
 7
 38
 64
 64
 40
 61
 26
 51
 59
 19
 55
 82
 13
 40
 99
 45
 86
 59
 98
 15
 30
 99
 44
 70
 63
 44
 91
 37
 19
 23
 15
 27
 86
 49
 51
 90
 27
 71
 26
 43
 57
 74
 5
 97
 29
 36
 94
 73
 61
 25
 77
 78
 66
 72
 11
 41
 22
 30
 69
 83
 13
 80
 87
 60
 25
 81
 83
 85
 43
 87
 96
 2
 82
 99
 37
 42
 80
 70
 56
 23
 68
 59
 82
 31
 10
 35
 2
 74
 29
 68
 29
 30
 4
 49
 51
 70
 37
 97
 42
 4
 7
 31
 11
 99
 47
 35
 62
 43
 83
 4
 66
 30
 17
 18
 84
 86
 23
 94
 71
 35
 57
 85
 97
 89
 98
 17
 80
 2
 11
 38
 77
 67
 80
 86
 66
 73
 85
 38
 44
 81
 95
 20
 12
 33
 53
 29
 81
 85
 90
 2
 65
 12
 46
 25
 34
 38
 100
 62
 86
 44
 33
 89
 92
 33
 31
 97
 38
 91
 34
 36
 44
 6
 33
 85
 49
 82
 25
 87
 73
 37
 92
 60
 75
 56
 98
 20
 76
 98
 48
 42
 12
 9
 81
 9
 23
 5
 8
 3
 24
 93
 47
 36
 46
 98
 36
 26
 92
 87
 17
 54
 39
 8
 9
 22
 75
 47
 60
 85
 40
 50
 1
 44
 80
 40
 49
 10
 51
 92
 49
 22
 20
 5
 38
 13
 29
 52
 72
 92
 69
 40
 94
 3
 35
 32
 56
 10
 1
 40
 42
 46
 57
 49
 86
 92
 37
 16
 24
 79
 39
 63
 76
 67
 32
 60
 57
 96
 80
 38
 1
 67
 95
 57
 35
 95
 45
 41
 69
 86
 19
 8
 46
 23
 46
 90
 92
 60
 30
 68
 59
 56
 46
 87
 46
 23
 99
 22
 3
 86
 61
 7
 34
 56
 11
 14
 45
 21
 26
 83
 18
 25
 93
 14
 15
 71
 59
 54
 73
 7
 55
 1
 17
 21
 64
 85
 65
 15
 75
 62
 39
 14
 78
 31
 83
 99
 22
 88
 99
 60
 46
 32
 4
 8
 71
 64
 3
 31
 73
 16
 62
 28
 32
 10
 74
 14
 29
 18
 10
 60
 26
 36
 54
 49
 3
 23
 26
 77
 58
 62
 62
 73
 89
 29
 52
 95
 44
 95
 84
 76
 10
 43
 26
 33
 14
 37
 66
 23
 99
 61
 14
 64
 46
 100
 32
 20
 16
 75
 68
 96
 38
 55
 23
 48
 24
 45
 91
 78
 33
 88
 5
 16
 52
 8
 93
 78
 26
 79
 29
 53
 95
 97
 34
 69
 80
 78
 28
 74
 8
 11
 80
 96
 38
 28
 59
 38
 33
 27
 45
 11
 67
 64
 16
 68
 52
 89
 59
 35
 63
 25
 41
 33
 45
 46
 68
 45
 14
 1
 70
 94
 50
 88
 76
 7
 54
 68
 62
 31
 64
 19
 3
 95
 11
 28
 19
 38
 82
 72
 53
 60
 13
 57
 10
 88
 74
 12
 73
 91
 68
 87
 77
 18
 30
 14
 39
 80
 35
 45
 76
 61
 60
 20
 26
 62
 16
 87
 89
 8
 63
 39
 71
 51
 79
 46
 46
 92
 17
 7
 27
 65
 76
 6
 41
 11
 12
 12
 33
 91
 72
 54
 100
 21
 75
 44
 22
 77
 81
 44
 68
 95
 95
 23
 8
 12
 70
 66
 51
 6
 43
 64
 77
 91
 51
 56
 41
 10
 87
 49
 68
 80
 2
 59
 53
 67
 28
 26
 99
 18
 35
 81
 5
 57
 13
 79
 16
 44
 100
 40
 26
 54
 38
 60
 54
 40
 18
 82
 91
 79
 9
 68
 46
 99
 75
 21
 3
 55
 70
 24
 67
 16
 63
 33
 2
 63
 59
 49
 3
 69
 22
 24
 36
 4
 67
 79
 91
 70
 69
 1
 77
 4
 42
 100
 59
 65
 47
 6
 8
 10
 99
 18
 58
 32
 43
 65
 85
 94
 92
 62
 93
 98
 37
 66
 2
 100
 8
 1
 51
 78
 73
 88
 89
 21
 45
 80
 2
 84
 18
 64
 2
 11
 95
 50
 41
 50
 53
 93
 59
 15
 13
 8
 44
 12
 60
 75
 65
 51
 68
 81
 79
 4
 88
 63
 29
 22
 9
 81
 64
 40
 75
 44
 95
 46
 15
 38
 18
 65
 92
 17
 34
 36
 37
 69
 7
 49
 75
 34
 84
 100
 84
 6
 87
 13
 72
 91
 73
 26
 3
 45
 67
 25
 16
 48
 76
 54
 23
 78
 27
 12
 29
 16
 26
 4
 23
 99
 67
 65
 35
 76
 63
 17
 55
 57
 86
 98
 45
 59
 81
 78
 39
 12
 3
 50
 99
 13
 38
 34
 10
 45
 49
 1
 68
 97
 36
 25
 25
 7
 31
 33
 5
 27
 30
 51
 19
 21
 17
 23
 38
 35
 40
 2
 98
 38
 81
 24
 34
 36
 53
 80
 66
 32
 21
 88
 7
 91
 93
 63
 32
 72
 49
 71
 79
 69
 10
 14
 34
 7
 96
 81
 98
 31
 70
 30
 74
 33
 84
 26
 99
 17
 35
 70
 1
 19
 89
 43
 88
 36
 62
 63
 53
 30
 34
 78
 81
 71
 33
 69
 53
 99
 7
 15
 82
 87
 20
 88
 93
 56
 52
 44
 47
 83
 39
 93
 11
 76
 1
 59
 84
 49
 83
 38
 12
 18
 34
 77
 14
 94
 60
 24
 88
 69
 94
 67
 33
 15
 33
 23
 19
 4
 44
 28
 49
 95
 65
 94
 31
 8
 95
 95
 45 