 76
 46
 79
 82
 26
 99
 37
 30
 50
 47
 82
 56
 92
 20
 41
 96
 10
 51
 29
 82
 4
 60
 21
 22
 62
 92
 81
 68
 19
 80
 16
 36
 56
 97
 62
 48
 21
 67
 29
 8
 79
 17
 89
 28
 67
 51
 27
 14
 81
 52
 8
 38
 23
 69
 44
 76
 43
 59
 5
 82
 100
 10
 85
 81
 25
 36
 26
 76
 10
 10
 23
 66
 57
 74
 81
 61
 83
 95
 57
 45
 52
 98
 12
 9
 50
 15
 5
 16
 87
 41
 19
 12
 70
 31
 79
 34
 47
 1
 93
 20
 69
 82
 9
 30
 60
 25
 79
 21
 21
 89
 3
 95
 2
 15
 28
 68
 35
 33
 67
 10
 4
 22
 40
 9
 41
 89
 6
 63
 55
 32
 19
 65
 16
 19
 57
 38
 65
 34
 22
 2
 65
 78
 11
 38
 73
 53
 70
 74
 20
 10
 4
 9
 51
 87
 5
 78
 49
 15
 59
 2
 75
 6
 60
 77
 38
 88
 75
 71
 81
 11
 99
 74
 77
 13
 19
 1
 96
 84
 52
 20
 96
 53
 17
 54
 18
 71
 51
 76
 59
 35
 14
 37
 21
 96
 55
 2
 81
 74
 82
 93
 24
 55
 63
 77
 64
 60
 88
 74
 99
 64
 68
 69
 12
 18
 50
 43
 7
 65
 2
 95
 79
 83
 41
 15
 1
 24
 95
 85
 36
 68
 100
 26
 93
 49
 27
 20
 5
 38
 89
 55
 80
 10
 48
 75
 65
 97
 52
 41
 99
 71
 34
 76
 16
 33
 5
 76
 19
 39
 30
 34
 66
 92
 37
 65
 29
 39
 43
 31
 77
 64
 77
 49
 98
 88
 27
 61
 18
 17
 71
 87
 61
 16
 19
 88
 34
 86
 27
 96
 58
 62
 91
 43
 63
 81
 35
 75
 92
 42
 6
 34
 10
 70
 10
 23
 22
 43
 72
 98
 63
 22
 6
 17
 8
 8
 39
 69
 34
 80
 84
 89
 29
 82
 21
 12
 17
 80
 48
 64
 41
 4
 96
 85
 52
 34
 46
 81
 6
 3
 17
 65
 52
 9
 69
 10
 74
 77
 92
 85
 80
 23
 1
 23
 89
 64
 31
 39
 74
 40
 52
 41
 50
 9
 83
 59
 48
 7
 69
 97
 72
 45
 8
 47
 61
 67
 28
 14
 23
 5
 6
 42
 73
 52
 90
 3
 75
 36
 82
 7
 41
 11
 3
 34
 90
 86
 22
 38
 6
 6
 50
 7
 94
 40
 44
 5
 70
 81
 61
 9
 74
 53
 56
 8
 68
 24
 67
 31
 41
 43
 85
 81
 63
 59
 13
 89
 30
 85
 87
 21
 88
 52
 87
 39
 59
 68
 62
 89
 69
 78
 36
 35
 61
 65
 41
 20
 65
 26
 38
 1
 76
 97
 5
 4
 47
 85
 15
 77
 71
 94
 26
 4
 14
 25
 10
 36
 89
 81
 6
 47
 53
 79
 38
 97
 6
 54
 54
 22
 33
 44
 7
 55
 35
 65
 17
 43
 83
 20
 35
 85
 80
 18
 83
 58
 49
 57
 65
 78
 5
 36
 9
 89 